00100100
10000001
00001001
01100011
00001101
10001101
01100101
00010010
00000001
00001101
01110110
00111101
11101101
10001100
11111001
11000110
11000101
10101010
11100101
01110111
00010010
10001111
11110010
11001110
11101000
11000101
01011100
10111101
00101101
01100101
01100011
00001010
10000000
00100000
10101010
10011101
10010110
00010011
00001101
01010011
01101011
11010101
00000010
10101110
00011101
11001111
00100011
00001010
11001010
00111100
11110010
10001010
01000001
11011000
01111000
10001001
11101011
10110110
11000110
10101110
10111100
00101010
00001011
01110001
10000101
01001111
00111011
00111010
01111110
00010101
11110001
11011001
01100010
01001100
10011111
10001111
11111000
10110111
10011111
01011100
01011011
10001001
01001001
11010000
11010111
01010001
10010110
00001100
11000010
11001000
01110111
00111101
00010010
01111110
01101101
00111001
00011111
11010011
10000101
01111000
01011011
01001001
00111111
00101010
01011000
10000110
10001110
10011100
11111010
00100110
01110011
10100011
00101111
10110011
01011111
01000100
11110111
11001011
11100110
01011010
00101001
11101101
11011010
01100101
10110101
11011111
01111001
01000100
11010000
00101010
10101011
00001110
11011100
10011010
11111101
11000011
01010110
01001110
01100111
00001010
10110110
00111000
01111001
10111000
10010100
10010011
00000100
01011001
11011011
01001101
11011001
01101101
01110110
11001010
10110110
10010101
01000110
00000100
11110111
01101001
10110100
10001000
00101000
00101101
11000111
00101110
00001000
00011100
11111101
00101001
00011100
10000110
11011010
00111101
01100110
01110000
01110011
10111010
01011110
11111010
11010101
00011010
10111001
00110111
10010110
11000000
00100110
10110110
01111101
11011100
10000110
01111000
01111110
11011011
11001111
01111001
11111010
01100001
00010111
10100001
10000110
01010000
11110101
00110101
00101001
11000001
11000101
10011000
01001011
01110011
11101100
10001010
01001110
10101000
10101001
10100001
00001110
11100110
10011111
00101010
00101010
10001101
10011110
00111000
01111001
11001000
11001010
00010011
01101011
11000111
10110110
10111010
11000100
10111001
10010010
10110100
01111111
10000110
11111010
11110010
00110010
10111101
10000100
11100100
11001010
10101001
10100001
10001110
11111011
00001011
11101111
11001001
00110110
01110101
10001111
01101011
